0 2022080
9
0 2022084
9
0 20220BF
9
0 2022081
9
1 6022082
9
0 6022083
9
2 E022082
9
0 A022082
9
2 822080
9
2 C22081
9
0 2022082
9
0 2022081
9
1 1422081
9
0 1422081
9
1 2022080
9
1 2022082
9
1 20220BF
9
8
9
0 422083
9
1 422083
9
0 2022080
9
0 6022083
9
1 6022083
9
2 E022082
9
0 A022082
9
1 A022082
9
0 422083
9
2 1022082
9
0 6422082
9
0 A222082
9
0 A622080
9
1 A022082
9
0 622080
9
8
9
0 80
9
3 200080
9
4 200080
9
6 200080
9
0 200080
9
4 200080
9
6 200080
9
0 200082
9
4 200082
9
0 600083
9
6 600083
9
1 E00083
9
4 E00083
9
1 1A00083
9
6 1A00083
9
5 3A00083
9
8
9

