0 00000000
0 00010000
0 00020000
0 00030000
0 00040000
0 00050000
0 00060000
0 00070000
0 00080000
0 00090000
0 000a0000
0 000b0000
0 000c0000
0 000d0000
0 000e0000
0 000f0000
0 00100000
0 00110000
0 00120000
0 00130000
0 00140000
0 00150000
0 00160000
0 00170000
0 00180000
0 00190000
0 001a0000
0 001b0000
0 001c0000
0 001d0000
0 001e0000
0 001f0000
0 00000840
0 00010840
0 00020840
0 00030840
0 00040840
0 00050840
0 00060840
0 00070840
0 00080840
0 00090840
0 000a0840
0 000b0840
0 000c0840
0 000d0840
0 000e0840
1 000e0840
0 000f0840
0 00100840
0 00110840
0 00120840
0 00130840
0 00140840
0 00150840
0 00160840
0 00170840
0 00180840
0 00190840
0 001a0840
0 001b0840
0 001c0840
0 001d0840
1 001d0840
0 001e0840
0 001f0840
0 00000000
0 00010000
0 00020000
0 00030000
0 00040000
0 00050000
0 00060000
0 00070000
0 00080000
0 00090000
0 000a0000
0 000b0000
0 000c0000
0 000d0000
0 000e0000
0 000f0000
0 00100000
0 00110000
0 00120000
0 00130000
0 00140000
0 00150000
0 00160000
0 00170000
0 00180000
0 00190000
0 001a0000
0 001b0000
0 001c0000
0 001d0000
0 001e0000
0 001f0000
0 00000840
0 00010840
0 00020840
0 00030840
0 00040840
0 00050840
0 00060840
0 00070840
0 00080840
0 00090840
0 000a0840
0 000b0840
0 000c0840
0 000d0840
0 000e0840
1 000e0840
0 000f0840
0 00100840
0 00110840
0 00120840
0 00130840
0 00140840
0 00150840
0 00160840
0 00170840
0 00180840
0 00190840
0 001a0840
0 001b0840
0 001c0840
0 001d0840
1 001d0840
0 001e0840
0 001f0840
0 00000000
0 00010000
0 00020000
0 00030000
0 00040000
0 00050000
0 00060000
0 00070000
0 00080000
0 00090000
0 000a0000
0 000b0000
0 000c0000
0 000d0000
0 000e0000
0 000f0000
0 00100000
0 00110000
0 00120000
0 00130000
0 00140000
0 00150000
0 00160000
0 00170000
0 00180000
0 00190000
0 001a0000
0 001b0000
0 001c0000
0 001d0000
0 001e0000
0 001f0000
0 00000840
0 00010840
0 00020840
0 00030840
0 00040840
0 00050840
0 00060840
0 00070840
0 00080840
0 00090840
0 000a0840
0 000b0840
0 000c0840
0 000d0840
0 000e0840
1 000e0840
0 000f0840
0 00100840
0 00110840
0 00120840
0 00130840
0 00140840
0 00150840
0 00160840
0 00170840
0 00180840
0 00190840
0 001a0840
0 001b0840
0 001c0840
0 001d0840
1 001d0840
0 001e0840
0 001f0840
0 00000000
0 00010000
0 00020000
0 00030000
0 00040000
0 00050000
0 00060000
0 00070000
0 00080000
0 00090000
0 000a0000
0 000b0000
0 000c0000
0 000d0000
0 000e0000
0 000f0000
0 00100000
0 00110000
0 00120000
0 00130000
0 00140000
0 00150000
0 00160000
0 00170000
0 00180000
0 00190000
0 001a0000
0 001b0000
0 001c0000
0 001d0000
0 001e0000
0 001f0000
0 00000840
0 00010840
0 00020840
0 00030840
0 00040840
0 00050840
0 00060840
0 00070840
0 00080840
0 00090840
0 000a0840
0 000b0840
0 000c0840
0 000d0840
0 000e0840
1 000e0840
0 000f0840
0 00100840
0 00110840
0 00120840
0 00130840
0 00140840
0 00150840
0 00160840
0 00170840
0 00180840
0 00190840
0 001a0840
0 001b0840
0 001c0840
0 001d0840
1 001d0840
0 001e0840
0 001f0840
0 00000000
0 00010000
0 00020000
0 00030000
0 00040000
0 00050000
0 00060000
0 00070000
0 00080000
0 00090000
0 000a0000
0 000b0000
0 000c0000
0 000d0000
0 000e0000
0 000f0000
0 00100000
0 00110000
0 00120000
0 00130000
0 00140000
0 00150000
0 00160000
0 00170000
0 00180000
0 00190000
0 001a0000
0 001b0000
0 001c0000
0 001d0000
0 001e0000
0 001f0000
0 00000840
0 00010840
0 00020840
0 00030840
0 00040840
0 00050840
0 00060840
0 00070840
0 00080840
0 00090840
0 000a0840
0 000b0840
0 000c0840
0 000d0840
0 000e0840
1 000e0840
0 000f0840
0 00100840
0 00110840
0 00120840
0 00130840
0 00140840
0 00150840
0 00160840
0 00170840
0 00180840
0 00190840
0 001a0840
0 001b0840
0 001c0840
0 001d0840
1 001d0840
0 001e0840
0 001f0840
0 00000000
0 00010000
0 00020000
0 00030000
0 00040000
0 00050000
0 00060000
0 00070000
0 00080000
0 00090000
0 000a0000
0 000b0000
0 000c0000
0 000d0000
0 000e0000
0 000f0000
0 00100000
0 00110000
0 00120000
0 00130000
0 00140000
0 00150000
0 00160000
0 00170000
0 00180000
0 00190000
0 001a0000
0 001b0000
0 001c0000
0 001d0000
0 001e0000
0 001f0000
0 00000840
0 00010840
0 00020840
0 00030840
0 00040840
0 00050840
0 00060840
0 00070840
0 00080840
0 00090840
0 000a0840
0 000b0840
0 000c0840
0 000d0840
0 000e0840
1 000e0840
0 000f0840
0 00100840
0 00110840
0 00120840
0 00130840
0 00140840
0 00150840
0 00160840
0 00170840
0 00180840
0 00190840
0 001a0840
0 001b0840
0 001c0840
0 001d0840
1 001d0840
0 001e0840
0 001f0840
0 00000000
0 00010000
0 00020000
0 00030000
0 00040000
0 00050000
0 00060000
0 00070000
0 00080000
0 00090000
0 000a0000
0 000b0000
0 000c0000
0 000d0000
0 000e0000
0 000f0000
0 00100000
0 00110000
0 00120000
0 00130000
0 00140000
0 00150000
0 00160000
0 00170000
0 00180000
0 00190000
0 001a0000
0 001b0000
0 001c0000
0 001d0000
0 001e0000
0 001f0000
0 00000840
0 00010840
0 00020840
0 00030840
0 00040840
0 00050840
0 00060840
0 00070840
0 00080840
0 00090840
0 000a0840
0 000b0840
0 000c0840
0 000d0840
0 000e0840
1 000e0840
0 000f0840
0 00100840
0 00110840
0 00120840
0 00130840
0 00140840
0 00150840
0 00160840
0 00170840
0 00180840
0 00190840
0 001a0840
0 001b0840
0 001c0840
0 001d0840
1 001d0840
0 001e0840
0 001f0840
0 00000000
0 00010000
0 00020000
0 00030000
0 00040000
0 00050000
0 00060000
0 00070000
0 00080000
0 00090000
0 000a0000
0 000b0000
0 000c0000
0 000d0000
0 000e0000
0 000f0000
0 00100000
0 00110000
0 00120000
0 00130000
0 00140000
0 00150000
0 00160000
0 00170000
0 00180000
0 00190000
0 001a0000
0 001b0000
0 001c0000
0 001d0000
0 001e0000
0 001f0000
0 00000840
0 00010840
0 00020840
0 00030840
0 00040840
0 00050840
0 00060840
0 00070840
0 00080840
0 00090840
0 000a0840
0 000b0840
0 000c0840
0 000d0840
0 000e0840
1 000e0840
0 000f0840
0 00100840
0 00110840
0 00120840
0 00130840
0 00140840
0 00150840
0 00160840
0 00170840
0 00180840
0 00190840
0 001a0840
0 001b0840
0 001c0840
0 001d0840
1 001d0840
0 001e0840
0 001f0840
0 00000000
0 00010000
0 00020000
0 00030000
0 00040000
0 00050000
0 00060000
0 00070000
0 00080000
0 00090000
0 000a0000
0 000b0000
0 000c0000
0 000d0000
0 000e0000
0 000f0000
0 00100000
0 00110000
0 00120000
0 00130000
0 00140000
0 00150000
0 00160000
0 00170000
0 00180000
0 00190000
0 001a0000
0 001b0000
0 001c0000
0 001d0000
0 001e0000
0 001f0000
0 00000840
0 00010840
0 00020840
0 00030840
0 00040840
0 00050840
0 00060840
0 00070840
0 00080840
0 00090840
0 000a0840
0 000b0840
0 000c0840
0 000d0840
0 000e0840
1 000e0840
0 000f0840
0 00100840
0 00110840
0 00120840
0 00130840
0 00140840
0 00150840
0 00160840
0 00170840
0 00180840
0 00190840
0 001a0840
0 001b0840
0 001c0840
0 001d0840
1 001d0840
0 001e0840
0 001f0840
0 00000000
0 00010000
0 00020000
0 00030000
0 00040000
0 00050000
0 00060000
0 00070000
0 00080000
0 00090000
0 000a0000
0 000b0000
0 000c0000
0 000d0000
0 000e0000
0 000f0000
0 00100000
0 00110000
0 00120000
0 00130000
0 00140000
0 00150000
0 00160000
0 00170000
0 00180000
0 00190000
0 001a0000
0 001b0000
0 001c0000
0 001d0000
0 001e0000
0 001f0000
0 00000840
0 00010840
0 00020840
0 00030840
0 00040840
0 00050840
0 00060840
0 00070840
0 00080840
0 00090840
0 000a0840
0 000b0840
0 000c0840
0 000d0840
0 000e0840
1 000e0840
0 000f0840
0 00100840
0 00110840
0 00120840
0 00130840
0 00140840
0 00150840
0 00160840
0 00170840
0 00180840
0 00190840
0 001a0840
0 001b0840
0 001c0840
0 001d0840
1 001d0840
0 001e0840
0 001f0840
